camera_in_world = [-0.10529684 -0.95774493  0.2676513   0.5268098 ;
 -0.99388381  0.09234721 -0.0605555   0.09908196;
  0.03327987 -0.2723906  -0.96161105  1.23001837;
  0.          0.          0.          1.        ]

i =  0;
i =  i+1;
cam_point(:, :, i) = ...
[ 1.          0.          0.         -0.05124279;
 0.          1.          0.         -0.05641013;
 0.          0.          1.          0.48900002;
 0.          0.          0.          1.        ]
cam_world(:, :, i) = ...  
[-0.10529684 -0.95774493  0.2676513   0.71711351;
-0.99388381  0.09234721 -0.0605555   0.11519038;
 0.03327987 -0.2723906  -0.96161105  0.77345078;
 0.          0.          0.          1.        ];

i = i+1;
cam_point(:, :, i) = ... 
[ 1.          0.          0.         -0.03988309;
 0.          1.          0.         -0.02015597;
 0.          0.          1.          0.48700002;
 0.          0.          0.          1.        ];
cam_world(:, :, i) = ...  
[-0.10529684 -0.95774493  0.2676513   0.68065983;
-0.99388381  0.09234721 -0.0605555   0.10736925;
 0.03327987 -0.2723906  -0.96161105  0.76587676;
 0.          0.          0.          1.        ];

i = i+1;
cam_point(:, :, i) = ... 
[ 1.          0.          0.         -0.07105093;
 0.          1.          0.         -0.02571782;
 0.          0.          1.          0.49500003;
 0.          0.          0.          1.        ];
cam_world(:, :, i) = ...  
[-0.10529684 -0.95774493  0.2676513   0.69140976;
-0.99388381  0.09234721 -0.0605555   0.13734839;
 0.03327987 -0.2723906  -0.96161105  0.75866159;
 0.          0.          0.          1.        ];

i = i+1;
cam_point(:, :, i) = ... 
[ 1.          0.          0.         -0.0147632 ;
 0.          1.          0.         -0.02404293;
 0.          0.          1.          0.47900003;
 0.          0.          0.          1.        ];
cam_world(:, :, i) = ...  
[-0.10529684 -0.95774493  0.2676513   0.67959629;
-0.99388381  0.09234721 -0.0605555   0.08252849;
 0.03327987 -0.2723906  -0.96161105  0.77546439;
 0.          0.          0.          1.        ];

i = i+1;
cam_point(:, :, i) = ... 
[ 1.          0.          0.         -0.01313057;
 0.          1.          0.         -0.00465924;
 0.          0.          1.          0.48100004;
 0.          0.          0.          1.        ];
cam_world(:, :, i) = ...  
[-0.10529684 -0.95774493  0.2676513   0.66139505;
-0.99388381  0.09234721 -0.0605555   0.08257476;
 0.03327987 -0.2723906  -0.96161105  0.76831556;
 0.          0.          0.          1.        ];

i = i+1;
cam_point(:, :, i) = ... 
[ 1.          0.          0.         -0.06521081;
 0.          1.          0.          0.00393891;
 0.          0.          1.          0.49700001;
 0.          0.          0.          1.        ];
cam_world(:, :, i) = ...  
[-0.10529684 -0.95774493  0.2676513   0.66292652;
-0.99388381  0.09234721 -0.0605555   0.13416159;
 0.03327987 -0.2723906  -0.96161105  0.74885454;
 0.          0.          0.          1.        ];

i = i+1;
cam_point(:, :, i) = ...  
[ 1.          0.          0.         -0.08814506;
 0.          1.          0.          0.0199323 ;
 0.          0.          1.          0.50300002;
 0.          0.          0.          1.        ];
cam_world(:, :, i) = ...  
[-0.10529684 -0.95774493  0.2676513   0.65162975;
-0.99388381  0.09234721 -0.0605555   0.15806919;
 0.03327987 -0.2723906  -0.96161105  0.73796516;
 0.          0.          0.          1.        ];

i = i+1;
cam_point(:, :, i) = ...  
[ 1.          0.          0.          0.01213022;
 0.          1.          0.          0.01631305;
 0.          0.          1.          0.47500002;
 0.          0.          0.          1.        ];
cam_world(:, :, i) = ...  
[-0.10529684 -0.95774493  0.2676513   0.63704316;
-0.99388381  0.09234721 -0.0605555   0.05976854;
 0.03327987 -0.2723906  -0.96161105  0.76921326;
 0.          0.          0.          1.        ];

i = i+1;
cam_point(:, :, i) = ...  
[ 1.          0.          0.         -0.0650796 ;
 0.          1.          0.          0.01703426;
 0.          0.          1.          0.49600002;
 0.          0.          0.          1.        ];
cam_world(:, :, i) = ...  
[-0.10529684 -0.95774493  0.2676513   0.65010306;
-0.99388381  0.09234721 -0.0605555   0.13530106;
 0.03327987 -0.2723906  -0.96161105  0.74625345;
 0.          0.          0.          1.        ];

i = i+1;
cam_point(:, :, i) = ...  
[ 1.          0.          0.         -0.02599873;
 0.          1.          0.         -0.02088423;
 0.          0.          1.          0.48400003;
 0.          0.          0.          1.        ];
cam_world(:, :, i) = ...  
[-0.10529684 -0.95774493  0.2676513   0.67909238;
-0.99388381  0.09234721 -0.0605555   0.09368422;
 0.03327987 -0.2723906  -0.96161105  0.76942202;
 0.          0.          0.          1.        ];

i = i+1;
cam_point(:, :, i) = ...  
[ 1.          0.          0.         -0.10272597;
 0.          1.          0.         -0.03157378;
 0.          0.          1.          0.505     ;
 0.          0.          0.          1.        ];
cam_world(:, :, i) = ...  
[-0.10529684 -0.95774493  0.2676513   0.70303006;
-0.99388381  0.09234721 -0.0605555   0.16768337;
 0.03327987 -0.2723906  -0.96161105  0.74958648;
 0.          0.          0.          1.        ];

i = i+1;
cam_point(:, :, i) = ...  
[ 1.          0.          0.         -0.05361512;
 0.          1.          0.          0.04402542;
 0.          0.          1.          0.49500003;
 0.          0.          0.          1.        ];
cam_world(:, :, i) = ...  
[-0.10529684 -0.95774493  0.2676513   0.62277758;
-0.99388381  0.09234721 -0.0605555   0.12645981;
 0.03327987 -0.2723906  -0.96161105  0.74024445;
 0.          0.          0.          1.        ];

i = i+1;
cam_point(:, :, i) = ...  
[ 1.          0.          0.         -0.00550637;
 0.          1.          0.          0.03854459;
 0.          0.          1.          0.48100004;
 0.          0.          0.          1.        ];
cam_world(:, :, i) = ...  
[-0.10529684 -0.95774493  0.2676513   0.61921401;
-0.99388381  0.09234721 -0.0605555   0.07898694;
 0.03327987 -0.2723906  -0.96161105  0.75680098;
 0.          0.          0.          1.        ];

i = i+1;
cam_point(:, :, i) = ...  
[ 1.          0.          0.         -0.10581159;
 0.          1.          0.          0.01562618;
 0.          0.          1.          0.50700003;
 0.          0.          0.          1.        ];
cam_world(:, :, i) = ...  
[-0.10529684 -0.95774493  0.2676513   0.65868475;
-0.99388381  0.09234721 -0.0605555   0.17498779;
 0.03327987 -0.2723906  -0.96161105  0.73470371;
 0.          0.          0.          1.        ];

i = i+1;
cam_point(:, :, i) = ...  
[ 1.          0.          0.         -0.10844634;
 0.          1.          0.          0.0472484 ;
 0.          0.          1.          0.51100004;
 0.          0.          0.          1.        ];
cam_world(:, :, i) = ...  
[-0.10529684 -0.95774493  0.2676513   0.62974676;
-0.99388381  0.09234721 -0.0605555   0.18028442;
 0.03327987 -0.2723906  -0.96161105  0.72215598;
 0.          0.          0.          1.        ];

i = i+1;
cam_point(:, :, i) = ...  
[ 1.          0.          0.         -0.06521081;
 0.          1.          0.          0.02757235;
 0.          0.          1.          0.49700001;
 0.          0.          0.          1.        ];
cam_world(:, :, i) = ...  
[-0.10529684 -0.95774493  0.2676513   0.64029171;
-0.99388381  0.09234721 -0.0605555   0.13634408;
 0.03327987 -0.2723906  -0.96161105  0.74241701;
 0.          0.          0.          1.        ];

i = i+1;
cam_point(:, :, i) = ...  
[ 1.          0.          0.         -0.12464579;
 0.          1.          0.         -0.02474916;
 0.          0.          1.          0.51100004;
 0.          0.          0.          1.        ];
cam_world(:, :, i) = ...  
[-0.10529684 -0.95774493  0.2676513   0.70040782;
-0.99388381  0.09234721 -0.0605555   0.18973602;
 0.03327987 -0.2723906  -0.96161105  0.74122833;
 0.          0.          0.          1.        ];

i = i+1;
cam_point(:, :, i) = ...  
[ 1.          0.          0.         -0.02594501;
 0.          1.          0.         -0.00552927;
 0.          0.          1.          0.48300001;
 0.          0.          0.          1.        ];
cam_world(:, :, i) = ...  
[-0.10529684 -0.95774493  0.2676513   0.66411294;
-0.99388381  0.09234721 -0.0605555   0.09510937;
 0.03327987 -0.2723906  -0.96161105  0.76620289;
 0.          0.          0.          1.        ];

i = i+1;
cam_point(:, :, i) = ...  
[ 1.          0.          0.         -0.02758909;
 0.          1.          0.         -0.05814931;
 0.          0.          1.          0.48200002;
 0.          0.          0.          1.        ];
cam_world(:, :, i) = ...  
[-0.10529684 -0.95774493  0.2676513   0.71441498;
-0.99388381  0.09234721 -0.0605555   0.09194463;
 0.03327987 -0.2723906  -0.96161105  0.78144298;
 0.          0.          0.          1.        ];

i = i+1;
cam_point(:, :, i) = ...  
[ 1.          0.          0.         -0.0398012 ;
 0.          1.          0.         -0.03894526;
 0.          0.          1.          0.48600003;
 0.          0.          0.          1.        ];
cam_world(:, :, i) = ...  
[-0.10529684 -0.95774493  0.2676513   0.69837891;
-0.99388381  0.09234721 -0.0605555   0.10561327;
 0.03327987 -0.2723906  -0.96161105  0.77195911;
 0.          0.          0.          1.        ];

i = i+1;
cam_point(:, :, i) = ...  
[ 1.          0.          0.         -0.01307598;
 0.          1.          0.         -0.02066848;
 0.          0.          1.          0.47900003;
 0.          0.          0.          1.        ];
cam_world(:, :, i) = ...  
[-0.10529684 -0.95774493  0.2676513   0.67618677;
-0.99388381  0.09234721 -0.0605555   0.0811632 ;
 0.03327987 -0.2723906  -0.96161105  0.77460137;
 0.          0.          0.          1.        ];

i = i+1;
cam_point(:, :, i) = ...  
[ 1.          0.          0.          0.00544913;
 0.          1.          0.          0.02724565;
 0.          0.          1.          0.47600001;
 0.          0.          0.          1.        ];
cam_world(:, :, i) = ...  
[-0.10529684 -0.95774493  0.2676513   0.62754366;
-0.99388381  0.09234721 -0.0605555   0.0673578 ;
 0.03327987 -0.2723906  -0.96161105  0.76505138;
 0.          0.          0.          1.        ];

i = i+1;
cam_point(:, :, i) = ...  
[ 1.          0.          0.         -0.04992542;
 0.          1.          0.          0.02908698;
 0.          0.          1.          0.49300003;
 0.          0.          0.          1.        ];
cam_world(:, :, i) = ...  
[-0.10529684 -0.95774493  0.2676513   0.63616098;
-0.99388381  0.09234721 -0.0605555   0.12153427;
 0.03327987 -0.2723906  -0.96161105  0.74635956;
 0.          0.          0.          1.        ];

i = i+1;
cam_point(:, :, i) = ...  
[ 1.          0.          0.         -0.10423092;
 0.          1.          0.          0.02639324;
 0.          0.          1.          0.50800002;
 0.          0.          0.          1.        ];
cam_world(:, :, i) = ...  
[-0.10529684 -0.95774493  0.2676513   0.64847386;
-0.99388381  0.09234721 -0.0605555   0.17435053;
 0.03327987 -0.2723906  -0.96161105  0.73086188;
 0.          0.          0.          1.        ];

i = i+1;
cam_point(:, :, i) = ...  
[ 1.          0.          0.         -0.13313562;
 0.          1.          0.          0.02862643;
 0.          0.          1.          0.51600003;
 0.          0.          0.          1.        ];
cam_world(:, :, i) = ...  
[-0.10529684 -0.95774493  0.2676513   0.65151982;
-0.99388381  0.09234721 -0.0605555   0.20280023;
 0.03327987 -0.2723906  -0.96161105  0.72159873;
 0.          0.          0.          1.        ];


tags.pose = cam_point; 
tags.worldpose = cam_world;



%%
%GOURND TRUTH

i = 0;

% point 1
i = i +1;
cam_point(:, :, i) = ...
[ 1.          0.          0.         -0.06007957;
  0.          1.          0.         -0.01447172;
  0.          0.          1.          0.49800003;
  0.          0.          0.          1.        ];
wld_point(:, :, i) = ...
[-0.10529684 -0.95774493  0.2676513   0.68028656;
 -0.99388381  0.09234721 -0.0605555   0.12730102;
  0.03327987 -0.2723906  -0.96161105  0.75307856;
  0.          0.          0.          1.        ];

% point 2
i = i +1;
cam_point(:, :, i) = ...
[ 1.          0.          0.         -0.05211546;
  0.          1.          0.          0.01107966;
  0.          0.          1.          0.46600002;
  0.          0.          0.          1.        ];
wld_point(:, :, i) = ...
[-0.10529684 -0.95774493  0.2676513   0.64641141;
 -0.99388381  0.09234721 -0.0605555   0.12368299;
  0.03327987 -0.2723906  -0.96161105  0.7771552 ;
  0.          0.          0.          1.        ];

% point 4
i = i +1;
cam_point(:, :, i) = ...
[ 1.          0.          0.         -0.04429224;
  0.          1.          0.          0.0592025 ;
  0.          0.          1.          0.49800003;
  0.          0.          0.          1.        ];
wld_point(:, :, i) = ...
[-0.10529684 -0.95774493  0.2676513   0.6080631 ;
 -0.99388381  0.09234721 -0.0605555   0.11841385;
  0.03327987 -0.2723906  -0.96161105  0.73353579;
  0.          0.          0.          1.        ];

% point 5
i = i +1;
cam_point(:, :, i) = ...
[ 1.          0.          0.         -0.00720064;
  0.          1.          0.         -0.02753185;
  0.          0.          1.          0.48100004;
  0.          0.          0.          1.        ];
wld_point(:, :, i) = ...
[-0.10529684 -0.95774493  0.2676513   0.68267678;
 -0.99388381  0.09234721 -0.0605555   0.07456887;
  0.03327987 -0.2723906  -0.96161105  0.7747432 ;
  0.          0.          0.          1.        ];

% point 6
i = i +1;
cam_point(:, :, i) = ...
[ 1.          0.          0.         -0.00636671;
  0.          1.          0.         -0.00297113;
  0.          0.          1.          0.48200002;
  0.          0.          0.          1.        ];
wld_point(:, :, i) = ...
[-0.10529684 -0.95774493  0.2676513   0.65933372;
 -0.99388381  0.09234721 -0.0605555   0.07594761;
  0.03327987 -0.2723906  -0.96161105  0.76711924;
  0.          0.          0.          1.        ];

% point 7
i = i +1;
cam_point(:, :, i) = ...
[ 1.          0.          0.          0.00127334;
  0.          1.          0.          0.02079793;
  0.          0.          1.          0.48200002;
  0.          0.          0.          1.        ];
wld_point(:, :, i) = ...
[-0.10529684 -0.95774493  0.2676513   0.63576455;
 -0.99388381  0.09234721 -0.0605555   0.07054929;
  0.03327987 -0.2723906  -0.96161105  0.76089903;
  0.          0.          0.          1.        ];


% point 8
i = i +1;
cam_point(:, :, i) = ...
[ 1.          0.          0.          0.00636671;
  0.          1.          0.          0.04626478;
  0.          0.          1.          0.48200002;
  0.          0.          0.          1.        ];
wld_point(:, :, i) = ...
[-0.10529684 -0.95774493  0.2676513   0.61083748;
 -0.99388381  0.09234721 -0.0605555   0.06783886;
  0.03327987 -0.2723906  -0.96161105  0.75413161;
  0.          0.          0.          1.        ];

y1 = -0.254; y2 = -0.3048; z = 0.03;
gt =[ 0.254 y1 z ; 0.2286 y1 z; 0.1778 y1 z; 0.254 y2 z; 0.2286 y2 z; 0.2032 y2 z; 0.1778 y2 z] ;

tags.pose = cam_point; 
tags.worldpose = gt;
T_rb2e = [-0.10529684,  0.99443661, -0.00289893,  0.06287811;
       -0.99388381, -0.10513986,  0.03377255, -0.27733405;
        0.03327987,  0.00643735,  0.99942534,  0.52620893;
        0.        ,  0.        ,  0.        ,  1.        ]
