camera_in_world = [-0.10529684 -0.95774493  0.2676513   0.5268098 ;
 -0.99388381  0.09234721 -0.0605555   0.09908196;
  0.03327987 -0.2723906  -0.96161105  1.23001837;
  0.          0.          0.          1.        ]

i =  0;
i =  i+1;
cam_point(:, :, i) = ...
[ 1.          0.          0.         -0.05124279;
 0.          1.          0.         -0.05641013;
 0.          0.          1.          0.48900002;
 0.          0.          0.          1.        ]
cam_world(:, :, i) = ...  
[-0.10529684 -0.95774493  0.2676513   0.71711351;
-0.99388381  0.09234721 -0.0605555   0.11519038;
 0.03327987 -0.2723906  -0.96161105  0.77345078;
 0.          0.          0.          1.        ];

i = i+1;
cam_point(:, :, i) = ... 
[ 1.          0.          0.         -0.03988309;
 0.          1.          0.         -0.02015597;
 0.          0.          1.          0.48700002;
 0.          0.          0.          1.        ];
cam_world(:, :, i) = ...  
[-0.10529684 -0.95774493  0.2676513   0.68065983;
-0.99388381  0.09234721 -0.0605555   0.10736925;
 0.03327987 -0.2723906  -0.96161105  0.76587676;
 0.          0.          0.          1.        ];

i = i+1;
cam_point(:, :, i) = ... 
[ 1.          0.          0.         -0.07105093;
 0.          1.          0.         -0.02571782;
 0.          0.          1.          0.49500003;
 0.          0.          0.          1.        ];
cam_world(:, :, i) = ...  
[-0.10529684 -0.95774493  0.2676513   0.69140976;
-0.99388381  0.09234721 -0.0605555   0.13734839;
 0.03327987 -0.2723906  -0.96161105  0.75866159;
 0.          0.          0.          1.        ];

i = i+1;
cam_point(:, :, i) = ... 
[ 1.          0.          0.         -0.0147632 ;
 0.          1.          0.         -0.02404293;
 0.          0.          1.          0.47900003;
 0.          0.          0.          1.        ];
cam_world(:, :, i) = ...  
[-0.10529684 -0.95774493  0.2676513   0.67959629;
-0.99388381  0.09234721 -0.0605555   0.08252849;
 0.03327987 -0.2723906  -0.96161105  0.77546439;
 0.          0.          0.          1.        ];

i = i+1;
cam_point(:, :, i) = ... 
[ 1.          0.          0.         -0.01313057;
 0.          1.          0.         -0.00465924;
 0.          0.          1.          0.48100004;
 0.          0.          0.          1.        ];
cam_world(:, :, i) = ...  
[-0.10529684 -0.95774493  0.2676513   0.66139505;
-0.99388381  0.09234721 -0.0605555   0.08257476;
 0.03327987 -0.2723906  -0.96161105  0.76831556;
 0.          0.          0.          1.        ];

i = i+1;
cam_point(:, :, i) = ... 
[ 1.          0.          0.         -0.06521081;
 0.          1.          0.          0.00393891;
 0.          0.          1.          0.49700001;
 0.          0.          0.          1.        ];
cam_world(:, :, i) = ...  
[-0.10529684 -0.95774493  0.2676513   0.66292652;
-0.99388381  0.09234721 -0.0605555   0.13416159;
 0.03327987 -0.2723906  -0.96161105  0.74885454;
 0.          0.          0.          1.        ];

i = i+1;
cam_point(:, :, i) = ...  
[ 1.          0.          0.         -0.08814506;
 0.          1.          0.          0.0199323 ;
 0.          0.          1.          0.50300002;
 0.          0.          0.          1.        ];
cam_world(:, :, i) = ...  
[-0.10529684 -0.95774493  0.2676513   0.65162975;
-0.99388381  0.09234721 -0.0605555   0.15806919;
 0.03327987 -0.2723906  -0.96161105  0.73796516;
 0.          0.          0.          1.        ];

i = i+1;
cam_point(:, :, i) = ...  
[ 1.          0.          0.          0.01213022;
 0.          1.          0.          0.01631305;
 0.          0.          1.          0.47500002;
 0.          0.          0.          1.        ];
cam_world(:, :, i) = ...  
[-0.10529684 -0.95774493  0.2676513   0.63704316;
-0.99388381  0.09234721 -0.0605555   0.05976854;
 0.03327987 -0.2723906  -0.96161105  0.76921326;
 0.          0.          0.          1.        ];

i = i+1;
cam_point(:, :, i) = ...  
[ 1.          0.          0.         -0.0650796 ;
 0.          1.          0.          0.01703426;
 0.          0.          1.          0.49600002;
 0.          0.          0.          1.        ];
cam_world(:, :, i) = ...  
[-0.10529684 -0.95774493  0.2676513   0.65010306;
-0.99388381  0.09234721 -0.0605555   0.13530106;
 0.03327987 -0.2723906  -0.96161105  0.74625345;
 0.          0.          0.          1.        ];

i = i+1;
cam_point(:, :, i) = ...  
[ 1.          0.          0.         -0.02599873;
 0.          1.          0.         -0.02088423;
 0.          0.          1.          0.48400003;
 0.          0.          0.          1.        ];
cam_world(:, :, i) = ...  
[-0.10529684 -0.95774493  0.2676513   0.67909238;
-0.99388381  0.09234721 -0.0605555   0.09368422;
 0.03327987 -0.2723906  -0.96161105  0.76942202;
 0.          0.          0.          1.        ];

i = i+1;
cam_point(:, :, i) = ...  
[ 1.          0.          0.         -0.10272597;
 0.          1.          0.         -0.03157378;
 0.          0.          1.          0.505     ;
 0.          0.          0.          1.        ];
cam_world(:, :, i) = ...  
[-0.10529684 -0.95774493  0.2676513   0.70303006;
-0.99388381  0.09234721 -0.0605555   0.16768337;
 0.03327987 -0.2723906  -0.96161105  0.74958648;
 0.          0.          0.          1.        ];

i = i+1;
cam_point(:, :, i) = ...  
[ 1.          0.          0.         -0.05361512;
 0.          1.          0.          0.04402542;
 0.          0.          1.          0.49500003;
 0.          0.          0.          1.        ];
cam_world(:, :, i) = ...  
[-0.10529684 -0.95774493  0.2676513   0.62277758;
-0.99388381  0.09234721 -0.0605555   0.12645981;
 0.03327987 -0.2723906  -0.96161105  0.74024445;
 0.          0.          0.          1.        ];

i = i+1;
cam_point(:, :, i) = ...  
[ 1.          0.          0.         -0.00550637;
 0.          1.          0.          0.03854459;
 0.          0.          1.          0.48100004;
 0.          0.          0.          1.        ];
cam_world(:, :, i) = ...  
[-0.10529684 -0.95774493  0.2676513   0.61921401;
-0.99388381  0.09234721 -0.0605555   0.07898694;
 0.03327987 -0.2723906  -0.96161105  0.75680098;
 0.          0.          0.          1.        ];

i = i+1;
cam_point(:, :, i) = ...  
[ 1.          0.          0.         -0.10581159;
 0.          1.          0.          0.01562618;
 0.          0.          1.          0.50700003;
 0.          0.          0.          1.        ];
cam_world(:, :, i) = ...  
[-0.10529684 -0.95774493  0.2676513   0.65868475;
-0.99388381  0.09234721 -0.0605555   0.17498779;
 0.03327987 -0.2723906  -0.96161105  0.73470371;
 0.          0.          0.          1.        ];

i = i+1;
cam_point(:, :, i) = ...  
[ 1.          0.          0.         -0.10844634;
 0.          1.          0.          0.0472484 ;
 0.          0.          1.          0.51100004;
 0.          0.          0.          1.        ];
cam_world(:, :, i) = ...  
[-0.10529684 -0.95774493  0.2676513   0.62974676;
-0.99388381  0.09234721 -0.0605555   0.18028442;
 0.03327987 -0.2723906  -0.96161105  0.72215598;
 0.          0.          0.          1.        ];

i = i+1;
cam_point(:, :, i) = ...  
[ 1.          0.          0.         -0.06521081;
 0.          1.          0.          0.02757235;
 0.          0.          1.          0.49700001;
 0.          0.          0.          1.        ];
cam_world(:, :, i) = ...  
[-0.10529684 -0.95774493  0.2676513   0.64029171;
-0.99388381  0.09234721 -0.0605555   0.13634408;
 0.03327987 -0.2723906  -0.96161105  0.74241701;
 0.          0.          0.          1.        ];

i = i+1;
cam_point(:, :, i) = ...  
[ 1.          0.          0.         -0.12464579;
 0.          1.          0.         -0.02474916;
 0.          0.          1.          0.51100004;
 0.          0.          0.          1.        ];
