>> extrinsicsRefinement_tagOnly

marker_wc_q =

  Columns 1 through 6

   -0.0736    0.1345    0.8992    0.0149    0.8538   -0.5204

  Column 7

   -0.0023


marker_wc_rot =

    0.4583   -0.8886   -0.0195
   -0.8887   -0.4579   -0.0231
    0.0116    0.0279   -0.9995


marker_wc_t =

   -0.0736
    0.1345
    0.8992


marker_wc =

    0.4583   -0.8886   -0.0195   -0.0736
   -0.8887   -0.4579   -0.0231    0.1345
    0.0116    0.0279   -0.9995    0.8992
         0         0         0    1.0000


marker_rot_tabl =

     1     0     0     0
     0     0    -1     0
     0     1     0     0
     0     0     0     1


marker_wc =

    0.4583   -0.8886   -0.0195   -0.0736
    0.0116    0.0279   -0.9995    0.8992
    0.8887    0.4579    0.0231   -0.1345
         0         0         0    1.0000


marker_w =

    0.8261    0.4176    0.3784   -0.5048
   -0.4584    0.8885    0.0201   -0.0263
   -0.3278   -0.1900    0.9254    0.4748
         0         0         0    1.0000


tag_x =

   -0.5048


tag_y =

   -0.0263


r_ =

    2.0774


w =

   -1.4733
    1.4725
   -1.0143


x0 =

  Columns 1 through 6

   -1.4733    1.4725   -1.0143   -0.0581   -0.0994    1.2668

  Columns 7 through 9

    2.0774   -0.5048   -0.0263

                                                          Norm of First-order
 Iter F-count            f(x) Feasibility  Steplength        step  optimality
    0      10    3.953765e+02   0.000e+00                           4.867e+02
    1      35    3.101450e+02   0.000e+00   4.748e-03   3.418e+00   1.396e+02
    2      45    2.106992e+02   0.000e+00   1.000e+00   1.923e+02   2.295e+01
    3      55    1.405583e+02   0.000e+00   1.000e+00   3.532e+01   1.858e+01
    4      67    1.254428e+02   0.000e+00   4.900e-01   7.446e+00   3.887e+00
    5      77    9.662890e+01   0.000e+00   1.000e+00   5.596e+00   3.824e+00
    6      88    6.950641e+01   0.000e+00   7.000e-01   2.069e+01   7.186e+01
    7     100    4.192648e+01   0.000e+00   4.900e-01   6.536e+01   8.697e+01
    8     122    3.541067e+01   0.000e+00   1.384e-02   5.232e+00   4.977e+01
    9     132    1.601304e+01   0.000e+00   1.000e+00   7.893e+00   1.308e+01
   10     145    1.456748e+01   0.000e+00   3.430e-01   1.278e+01   1.451e+01
   11     155    2.610074e+00   0.000e+00   1.000e+00   6.637e+00   1.027e+02
   12     169    2.149669e+00   0.000e+00   2.401e-01   6.881e-01   3.452e+01
   13     182    1.969539e+00   0.000e+00   3.430e-01   1.288e+00   9.295e+01
   14     192    4.784780e-01   0.000e+00   1.000e+00   4.015e-01   1.050e+02
   15     203    4.541410e-01   0.000e+00   7.000e-01   2.460e-01   6.696e+01
   16     214    3.876294e-01   0.000e+00   7.000e-01   2.745e-01   8.737e+01
   17     225    2.202068e-01   0.000e+00   7.000e-01   6.077e-02   9.517e+01
   18     235    1.403821e-01   0.000e+00   1.000e+00   1.039e-01   3.739e+01
   19     245    1.046645e-01   0.000e+00   1.000e+00   1.112e-01   5.812e+01
   20     255    1.023591e-01   0.000e+00   1.000e+00   2.651e-02   1.095e+02
   21     265    5.135278e-02   0.000e+00   1.000e+00   2.489e-02   5.567e+01
   22     275    4.483107e-02   0.000e+00   1.000e+00   7.379e-02   2.559e+01
   23     285    2.524229e-02   0.000e+00   1.000e+00   6.160e-02   1.078e+02
   24     296    2.276641e-02   0.000e+00   7.000e-01   9.003e-02   7.778e+01
   25     306    1.604544e-02   0.000e+00   1.000e+00   5.040e-02   6.115e+01
   26     316    1.035110e-02   0.000e+00   1.000e+00   1.634e-01   4.965e+01
   27     349    1.035110e-02   0.000e+00   7.731e-06   2.467e-05   4.965e+01

Local minimum possible. Constraints satisfied.

fmincon stopped because the size of the current step is less than
the default value of the step size tolerance and constraints are 
satisfied to within the default value of the constraint tolerance.

<stopping criteria details>


R_est =

    0.4830    0.3131   -0.8178
    0.7184   -0.6756    0.1657
   -0.5006   -0.6675   -0.5512


t_est =

   22.7651
   16.4602
  139.9576


tb_pose =

   -0.4852   -0.8744         0  -39.6820
    0.8744   -0.4852         0  -62.6458
         0         0    1.0000    0.7380
         0         0         0    1.0000
