
<!DOCTYPE html
  PUBLIC "-//W3C//DTD HTML 4.01 Transitional//EN">
<html><head>
      <meta http-equiv="Content-Type" content="text/html; charset=utf-8">
   <!--
This HTML was auto-generated from MATLAB code.
To make changes, update the MATLAB code and republish this document.
      --><title>simulation_cameraExtrinsicsRefinement</title><meta name="generator" content="MATLAB 8.5"><link rel="schema.DC" href="http://purl.org/dc/elements/1.1/"><meta name="DC.date" content="2016-06-16"><meta name="DC.source" content="simulation_cameraExtrinsicsRefinement.m"><style type="text/css">
html,body,div,span,applet,object,iframe,h1,h2,h3,h4,h5,h6,p,blockquote,pre,a,abbr,acronym,address,big,cite,code,del,dfn,em,font,img,ins,kbd,q,s,samp,small,strike,strong,sub,sup,tt,var,b,u,i,center,dl,dt,dd,ol,ul,li,fieldset,form,label,legend,table,caption,tbody,tfoot,thead,tr,th,td{margin:0;padding:0;border:0;outline:0;font-size:100%;vertical-align:baseline;background:transparent}body{line-height:1}ol,ul{list-style:none}blockquote,q{quotes:none}blockquote:before,blockquote:after,q:before,q:after{content:'';content:none}:focus{outine:0}ins{text-decoration:none}del{text-decoration:line-through}table{border-collapse:collapse;border-spacing:0}

html { min-height:100%; margin-bottom:1px; }
html body { height:100%; margin:0px; font-family:Arial, Helvetica, sans-serif; font-size:10px; color:#000; line-height:140%; background:#fff none; overflow-y:scroll; }
html body td { vertical-align:top; text-align:left; }

h1 { padding:0px; margin:0px 0px 25px; font-family:Arial, Helvetica, sans-serif; font-size:1.5em; color:#d55000; line-height:100%; font-weight:normal; }
h2 { padding:0px; margin:0px 0px 8px; font-family:Arial, Helvetica, sans-serif; font-size:1.2em; color:#000; font-weight:bold; line-height:140%; border-bottom:1px solid #d6d4d4; display:block; }
h3 { padding:0px; margin:0px 0px 5px; font-family:Arial, Helvetica, sans-serif; font-size:1.1em; color:#000; font-weight:bold; line-height:140%; }

a { color:#005fce; text-decoration:none; }
a:hover { color:#005fce; text-decoration:underline; }
a:visited { color:#004aa0; text-decoration:none; }

p { padding:0px; margin:0px 0px 20px; }
img { padding:0px; margin:0px 0px 20px; border:none; }
p img, pre img, tt img, li img, h1 img, h2 img { margin-bottom:0px; } 

ul { padding:0px; margin:0px 0px 20px 23px; list-style:square; }
ul li { padding:0px; margin:0px 0px 7px 0px; }
ul li ul { padding:5px 0px 0px; margin:0px 0px 7px 23px; }
ul li ol li { list-style:decimal; }
ol { padding:0px; margin:0px 0px 20px 0px; list-style:decimal; }
ol li { padding:0px; margin:0px 0px 7px 23px; list-style-type:decimal; }
ol li ol { padding:5px 0px 0px; margin:0px 0px 7px 0px; }
ol li ol li { list-style-type:lower-alpha; }
ol li ul { padding-top:7px; }
ol li ul li { list-style:square; }

.content { font-size:1.2em; line-height:140%; padding: 20px; }

pre, code { font-size:12px; }
tt { font-size: 1.2em; }
pre { margin:0px 0px 20px; }
pre.codeinput { padding:10px; border:1px solid #d3d3d3; background:#f7f7f7; }
pre.codeoutput { padding:10px 11px; margin:0px 0px 20px; color:#4c4c4c; }
pre.error { color:red; }

@media print { pre.codeinput, pre.codeoutput { word-wrap:break-word; width:100%; } }

span.keyword { color:#0000FF }
span.comment { color:#228B22 }
span.string { color:#A020F0 }
span.untermstring { color:#B20000 }
span.syscmd { color:#B28C00 }

.footer { width:auto; padding:10px 0px; margin:25px 0px 0px; border-top:1px dotted #878787; font-size:0.8em; line-height:140%; font-style:italic; color:#878787; text-align:left; float:none; }
.footer p { margin:0px; }
.footer a { color:#878787; }
.footer a:hover { color:#878787; text-decoration:underline; }
.footer a:visited { color:#878787; }

table th { padding:7px 5px; text-align:left; vertical-align:middle; border: 1px solid #d6d4d4; font-weight:bold; }
table td { padding:7px 5px; text-align:left; vertical-align:top; border:1px solid #d6d4d4; }





  </style></head><body><div class="content"><h2>Contents</h2><div><ul><li><a href="#2">(2) Create a T_wc matrix</a></li><li><a href="#3">(4)run PB function</a></li><li><a href="#4">Run World Known Poses Based Optimization (with test data)</a></li><li><a href="#5">Results</a></li></ul></div><pre class="codeinput">clear
clc

path = <span class="string">'/home/cat/Documents/CMU_Herb/camera_ext_calibration/'</span>;
path = <span class="string">'~/cat_workspace/src/ExtrinsicsCalibration/matlab_code/'</span>;
addpath([path, <span class="string">'ADAcode'</span>])

<span class="comment">% (1) Create world data from a table randomly</span>

n = 100;
tb_height = 0.5;

min_x = 0.5; max_x = 1;
min_y = -0.3; max_y = 0.3;
x = min_x + (max_x-min_x).*rand(n,1);
y = min_y + (max_y-min_y).*rand(n,1);
z = ones(n,1).* tb_height;
tag_xyz = [x y z ones(n, 1)];

<span class="keyword">for</span> i=1:n
    tag_euler = [0 0 0.0001];
    tag_rotation = rotationAroundZ(tag_euler(3))* rotationAroundY(tag_euler(2))* rotationAroundX(tag_euler(1));
    T_w2tag(:, :, i) = [tag_rotation tag_xyz(i, 1:3)'; 0 0 0 1];
<span class="keyword">end</span>

tag_size = 0.06;
ts = tag_size/2;
<span class="keyword">for</span> i=1:n
    t = T_w2tag(:, :, i);
    c1 = t; c1(1,4) = t(1,4)+ts; c1(2,4) = t(2,4)+ts;
    c2 = t; c2(1,4) = t(1,4)-ts; c2(2,4) = t(2,4)+ts;
    c3 = t; c3(1,4) = t(1,4)-ts; c3(2,4) = t(2,4)-ts;
    c4 = t; c4(1,4) = t(1,4)+ts; c4(2,4) = t(2,4)-ts;

    T_w2tag_c1(:, :, i) = c1;
    T_w2tag_c2(:, :, i) = c2;
    T_w2tag_c3(:, :, i) = c3;
    T_w2tag_c4(:, :, i) = c4;
<span class="keyword">end</span>
</pre><h2>(2) Create a T_wc matrix<a name="2"></a></h2><pre class="codeinput">T_w2c_init = [0.9754 0.2206 0 -0.0470; <span class="keyword">...</span>
         -0.2206 0.9754 0 0.05; <span class="keyword">...</span>
         0 0 1 -0.09; <span class="keyword">...</span>
         0 0 0 1];

<span class="comment">% using T_w2c (perfect matrix)</span>
tagposes = T_w2tag;
<span class="keyword">for</span> n =1:size(T_w2tag,3)
   <span class="comment">% passing T_c_tag</span>
   T_c_tag(:, :, n) = inv(T_w2c_init) * tagposes(:, :, n);
   T_c_c1(:, :, n) = inv(T_w2c_init) * T_w2tag_c1(:, :, n);
   T_c_c2(:, :, n) = inv(T_w2c_init) * T_w2tag_c2(:, :, n);
   T_c_c3(:, :, n) = inv(T_w2c_init) * T_w2tag_c3(:, :, n);
   T_c_c4(:, :, n) = inv(T_w2c_init) * T_w2tag_c4(:, :, n);
<span class="keyword">end</span>

A = [529.2945         0  466.9604         0; <span class="keyword">...</span>
            0  531.2835  273.2594         0; <span class="keyword">...</span>
            0         0    1.0000         0; <span class="keyword">...</span>
            0         0         0    1.0000];

c1 = []; c2 = []; c3 = []; c4 = [];
<span class="keyword">for</span> n =1:size(T_w2tag,3)
   tc_1 = T_c_c1(:, :, n) ;
   corner1 = A * tc_1(1:4, 4);
   c1(n, :) = [corner1(1)/corner1(3) corner1(2)/corner1(3) 1];

   tc_2 = T_c_c2(:, :, n) ;
   corner2 = A * tc_2(1:4, 4);
   c2(n, :) = [corner2(1)/corner2(3) corner2(2)/corner2(3) 1];

   tc_3 = T_c_c3(:, :, n) ;
   corner3 = A * tc_3(1:4, 4);
   c3(n, :) = [corner3(1)/corner3(3) corner3(2)/corner3(3) 1];

   tc_4 = T_c_c4(:, :, n) ;
   corner4 = A * tc_4(1:4, 4);
   c4(n, :) = [corner4(1)/corner4(3) corner4(2)/corner4(3) 1];
<span class="keyword">end</span>


<span class="comment">% (3) Add Gaussian noise (statistically independent and addictive noise) to</span>
<span class="comment">% data</span>

ratio = 0.3;
a = rodrigues(T_w2c_init(1:3, 1:3));
N = randn(size(a));
N = N*ratio;
a = a + N;
R = rodrigues(a);
t = T_w2c_init(1:3, 4);N = randn(size(t));N = N*ratio;
t = t + N;
T_w2c_init_n = [R t; 0 0 0 1];

counter = 0;
<span class="keyword">for</span> i=1:size(T_c_tag,3)

    t_c = T_c_tag(:, :, i)
    t_w = T_w2c_init_n * t_c

    zhat_tag = t_w(1:3, 3);
    z_tag =  t_w(3, 4);
    counter = counter + 1;
    norm_z(counter) = norm(z_tag - 0.5);

    CosTheta = dot(zhat_tag, [0 0 1]')/(norm(zhat_tag)*norm([0 0 1]'));
    theta_error(counter) = acos(CosTheta);

<span class="keyword">end</span>

wld_points_train = T_w2tag(:, :, 1:n/2);
wld_points_test = T_w2tag(:, :, n/2+1:end);
cam_points_train = T_c_tag(:, :, 1:n/2);
cam_points_test = T_c_tag(:, :, n/2+1:end);
corners_train.c1 = c1(1:n/2, :);
corners_train.c2 = c2(1:n/2, :);
corners_train.c3 = c3(1:n/2, :);
corners_train.c4 = c4(1:n/2, :);
corners_test.c1 = c1(n/2+1:end, :);
corners_test.c2 = c2(n/2+1:end, :);
corners_test.c3 = c3(n/2+1:end, :);
corners_test.c4 = c4(n/2+1:end, :);
</pre><pre class="codeoutput">
t_c =

    0.9753   -0.2207         0    0.9312
    0.2207    0.9753         0    0.1118
         0         0    1.0000    0.5900
         0         0         0    1.0000


t_w =

    0.9450   -0.1197   -0.3041    0.5398
    0.1966    0.9516    0.2362    0.3894
    0.2611   -0.2830    0.9229    0.6199
         0         0         0    1.0000


t_c =

    0.9753   -0.2207         0    0.6634
    0.2207    0.9753         0    0.0124
         0         0    1.0000    0.5900
         0         0         0    1.0000


t_w =

    0.9450   -0.1197   -0.3041    0.2767
    0.1966    0.9516    0.2362    0.2977
    0.2611   -0.2830    0.9229    0.5566
         0         0         0    1.0000


t_c =

    0.9753   -0.2207         0    0.7262
    0.2207    0.9753         0    0.1488
         0         0    1.0000    0.5900
         0         0         0    1.0000


t_w =

    0.9450   -0.1197   -0.3041    0.3487
    0.1966    0.9516    0.2362    0.4291
    0.2611   -0.2830    0.9229    0.5467
         0         0         0    1.0000


t_c =

    0.9753   -0.2207         0    0.7815
    0.2207    0.9753         0    0.2747
         0         0    1.0000    0.5900
         0         0         0    1.0000


t_w =

    0.9450   -0.1197   -0.3041    0.4128
    0.1966    0.9516    0.2362    0.5504
    0.2611   -0.2830    0.9229    0.5368
         0         0         0    1.0000


t_c =

    0.9753   -0.2207         0    0.6662
    0.2207    0.9753         0    0.0529
         0         0    1.0000    0.5900
         0         0         0    1.0000


t_w =

    0.9450   -0.1197   -0.3041    0.2831
    0.1966    0.9516    0.2362    0.3370
    0.2611   -0.2830    0.9229    0.5487
         0         0         0    1.0000


t_c =

    0.9753   -0.2207         0    0.8669
    0.2207    0.9753         0    0.1014
         0         0    1.0000    0.5900
         0         0         0    1.0000


t_w =

    0.9450   -0.1197   -0.3041    0.4779
    0.1966    0.9516    0.2362    0.3804
    0.2611   -0.2830    0.9229    0.6018
         0         0         0    1.0000


t_c =

    0.9753   -0.2207         0    0.8304
    0.2207    0.9753         0   -0.0942
         0         0    1.0000    0.5900
         0         0         0    1.0000


t_w =

    0.9450   -0.1197   -0.3041    0.4253
    0.1966    0.9516    0.2362    0.1911
    0.2611   -0.2830    0.9229    0.6329
         0         0         0    1.0000


t_c =

    0.9753   -0.2207         0    0.6815
    0.2207    0.9753         0   -0.1897
         0         0    1.0000    0.5900
         0         0         0    1.0000


t_w =

    0.9450   -0.1197   -0.3041    0.2753
    0.1966    0.9516    0.2362    0.1011
    0.2611   -0.2830    0.9229    0.6065
         0         0         0    1.0000


t_c =

    0.9753   -0.2207         0    0.9536
    0.2207    0.9753         0    0.0354
         0         0    1.0000    0.5900
         0         0         0    1.0000


t_w =

    0.9450   -0.1197   -0.3041    0.5540
    0.1966    0.9516    0.2362    0.3147
    0.2611   -0.2830    0.9229    0.6437
         0         0         0    1.0000


t_c =

    0.9753   -0.2207         0    0.6177
    0.2207    0.9753         0   -0.0238
         0         0    1.0000    0.5900
         0         0         0    1.0000


t_w =

    0.9450   -0.1197   -0.3041    0.2301
    0.1966    0.9516    0.2362    0.2634
    0.2611   -0.2830    0.9229    0.5501
         0         0         0    1.0000


t_c =

    0.9753   -0.2207         0    0.6676
    0.2207    0.9753         0    0.1943
         0         0    1.0000    0.5900
         0         0         0    1.0000


t_w =

    0.9450   -0.1197   -0.3041    0.2974
    0.1966    0.9516    0.2362    0.4743
    0.2611   -0.2830    0.9229    0.5183
         0         0         0    1.0000


t_c =

    0.9753   -0.2207         0    0.5998
    0.2207    0.9753         0    0.3655
         0         0    1.0000    0.5900
         0         0         0    1.0000


t_w =

    0.9450   -0.1197   -0.3041    0.2488
    0.1966    0.9516    0.2362    0.6419
    0.2611   -0.2830    0.9229    0.4594
         0         0         0    1.0000


t_c =

    0.9753   -0.2207         0    0.7458
    0.2207    0.9753         0    0.3854
         0         0    1.0000    0.5900
         0         0         0    1.0000


t_w =

    0.9450   -0.1197   -0.3041    0.3890
    0.1966    0.9516    0.2362    0.6586
    0.2611   -0.2830    0.9229    0.5013
         0         0         0    1.0000


t_c =

    0.9753   -0.2207         0    0.5947
    0.2207    0.9753         0    0.0573
         0         0    1.0000    0.5900
         0         0         0    1.0000


t_w =

    0.9450   -0.1197   -0.3041    0.2157
    0.1966    0.9516    0.2362    0.3426
    0.2611   -0.2830    0.9229    0.5250
         0         0         0    1.0000


t_c =

    0.9753   -0.2207         0    0.7765
    0.2207    0.9753         0   -0.0353
         0         0    1.0000    0.5900
         0         0         0    1.0000


t_w =

    0.9450   -0.1197   -0.3041    0.3796
    0.1966    0.9516    0.2362    0.2493
    0.2611   -0.2830    0.9229    0.6029
         0         0         0    1.0000


t_c =

    0.9753   -0.2207         0    0.5607
    0.2207    0.9753         0    0.2379
         0         0    1.0000    0.5900
         0         0         0    1.0000


t_w =

    0.9450   -0.1197   -0.3041    0.2001
    0.1966    0.9516    0.2362    0.5187
    0.2611   -0.2830    0.9229    0.4748
         0         0         0    1.0000


t_c =

    0.9753   -0.2207         0    0.5650
    0.2207    0.9753         0    0.2360
         0         0    1.0000    0.5900
         0         0         0    1.0000


t_w =

    0.9450   -0.1197   -0.3041    0.2039
    0.1966    0.9516    0.2362    0.5168
    0.2611   -0.2830    0.9229    0.4766
         0         0         0    1.0000


t_c =

    0.9753   -0.2207         0    0.8952
    0.2207    0.9753         0    0.2992
         0         0    1.0000    0.5900
         0         0         0    1.0000


t_w =

    0.9450   -0.1197   -0.3041    0.5228
    0.1966    0.9516    0.2362    0.5722
    0.2611   -0.2830    0.9229    0.5675
         0         0         0    1.0000


t_c =

    0.9753   -0.2207         0    0.6545
    0.2207    0.9753         0    0.2467
         0         0    1.0000    0.5900
         0         0         0    1.0000


t_w =

    0.9450   -0.1197   -0.3041    0.2897
    0.1966    0.9516    0.2362    0.5255
    0.2611   -0.2830    0.9229    0.5026
         0         0         0    1.0000


t_c =

    0.9753   -0.2207         0    0.8910
    0.2207    0.9753         0   -0.0922
         0         0    1.0000    0.5900
         0         0         0    1.0000


t_w =

    0.9450   -0.1197   -0.3041    0.4829
    0.1966    0.9516    0.2362    0.1920
    0.2611   -0.2830    0.9229    0.6517
         0         0         0    1.0000


t_c =

    0.9753   -0.2207         0    0.9908
    0.2207    0.9753         0    0.2845
         0         0    1.0000    0.5900
         0         0         0    1.0000


t_w =

    0.9450   -0.1197   -0.3041    0.6121
    0.1966    0.9516    0.2362    0.5561
    0.2611   -0.2830    0.9229    0.6011
         0         0         0    1.0000


t_c =

    0.9753   -0.2207         0    0.7603
    0.2207    0.9753         0    0.0981
         0         0    1.0000    0.5900
         0         0         0    1.0000


t_w =

    0.9450   -0.1197   -0.3041    0.3764
    0.1966    0.9516    0.2362    0.3792
    0.2611   -0.2830    0.9229    0.5687
         0         0         0    1.0000


t_c =

    0.9753   -0.2207         0    0.9214
    0.2207    0.9753         0   -0.0199
         0         0    1.0000    0.5900
         0         0         0    1.0000


t_w =

    0.9450   -0.1197   -0.3041    0.5184
    0.1966    0.9516    0.2362    0.2616
    0.2611   -0.2830    0.9229    0.6455
         0         0         0    1.0000


t_c =

    0.9753   -0.2207         0    0.9674
    0.2207    0.9753         0   -0.0794
         0         0    1.0000    0.5900
         0         0         0    1.0000


t_w =

    0.9450   -0.1197   -0.3041    0.5565
    0.1966    0.9516    0.2362    0.2029
    0.2611   -0.2830    0.9229    0.6731
         0         0         0    1.0000


t_c =

    0.9753   -0.2207         0    0.7127
    0.2207    0.9753         0    0.3090
         0         0    1.0000    0.5900
         0         0         0    1.0000


t_w =

    0.9450   -0.1197   -0.3041    0.3507
    0.1966    0.9516    0.2362    0.5850
    0.2611   -0.2830    0.9229    0.5075
         0         0         0    1.0000


t_c =

    0.9753   -0.2207         0    0.9072
    0.2207    0.9753         0   -0.0460
         0         0    1.0000    0.5900
         0         0         0    1.0000


t_w =

    0.9450   -0.1197   -0.3041    0.5025
    0.1966    0.9516    0.2362    0.2365
    0.2611   -0.2830    0.9229    0.6467
         0         0         0    1.0000


t_c =

    0.9753   -0.2207         0    0.6426
    0.2207    0.9753         0   -0.1129
         0         0    1.0000    0.5900
         0         0         0    1.0000


t_w =

    0.9450   -0.1197   -0.3041    0.2455
    0.1966    0.9516    0.2362    0.1764
    0.2611   -0.2830    0.9229    0.5774
         0         0         0    1.0000


t_c =

    0.9753   -0.2207         0    0.9779
    0.2207    0.9753         0    0.2720
         0         0    1.0000    0.5900
         0         0         0    1.0000


t_w =

    0.9450   -0.1197   -0.3041    0.5988
    0.1966    0.9516    0.2362    0.5442
    0.2611   -0.2830    0.9229    0.5997
         0         0         0    1.0000


t_c =

    0.9753   -0.2207         0    0.5838
    0.2207    0.9753         0    0.3234
         0         0    1.0000    0.5900
         0         0         0    1.0000


t_w =

    0.9450   -0.1197   -0.3041    0.2297
    0.1966    0.9516    0.2362    0.6013
    0.2611   -0.2830    0.9229    0.4635
         0         0         0    1.0000


t_c =

    0.9753   -0.2207         0    0.6722
    0.2207    0.9753         0    0.1109
         0         0    1.0000    0.5900
         0         0         0    1.0000


t_w =

    0.9450   -0.1197   -0.3041    0.2940
    0.1966    0.9516    0.2362    0.3933
    0.2611   -0.2830    0.9229    0.5379
         0         0         0    1.0000


t_c =

    0.9753   -0.2207         0    0.9068
    0.2207    0.9753         0    0.2785
         0         0    1.0000    0.5900
         0         0         0    1.0000


t_w =

    0.9450   -0.1197   -0.3041    0.5319
    0.1966    0.9516    0.2362    0.5518
    0.2611   -0.2830    0.9229    0.5757
         0         0         0    1.0000


t_c =

    0.9753   -0.2207         0    0.8282
    0.2207    0.9753         0   -0.0770
         0         0    1.0000    0.5900
         0         0         0    1.0000


t_w =

    0.9450   -0.1197   -0.3041    0.4247
    0.1966    0.9516    0.2362    0.2078
    0.2611   -0.2830    0.9229    0.6284
         0         0         0    1.0000


t_c =

    0.9753   -0.2207         0    0.8595
    0.2207    0.9753         0    0.4221
         0         0    1.0000    0.5900
         0         0         0    1.0000


t_w =

    0.9450   -0.1197   -0.3041    0.5003
    0.1966    0.9516    0.2362    0.6922
    0.2611   -0.2830    0.9229    0.5294
         0         0         0    1.0000


t_c =

    0.9753   -0.2207         0    0.7322
    0.2207    0.9753         0    0.1395
         0         0    1.0000    0.5900
         0         0         0    1.0000


t_w =

    0.9450   -0.1197   -0.3041    0.3536
    0.1966    0.9516    0.2362    0.4199
    0.2611   -0.2830    0.9229    0.5507
         0         0         0    1.0000


t_c =

    0.9753   -0.2207         0    0.6539
    0.2207    0.9753         0    0.2072
         0         0    1.0000    0.5900
         0         0         0    1.0000


t_w =

    0.9450   -0.1197   -0.3041    0.2855
    0.1966    0.9516    0.2362    0.4871
    0.2611   -0.2830    0.9229    0.5111
         0         0         0    1.0000


t_c =

    0.9753   -0.2207         0    0.6240
    0.2207    0.9753         0   -0.1952
         0         0    1.0000    0.5900
         0         0         0    1.0000


t_w =

    0.9450   -0.1197   -0.3041    0.2203
    0.1966    0.9516    0.2362    0.0968
    0.2611   -0.2830    0.9229    0.5895
         0         0         0    1.0000


t_c =

    0.9753   -0.2207         0    0.8320
    0.2207    0.9753         0    0.3271
         0         0    1.0000    0.5900
         0         0         0    1.0000


t_w =

    0.9450   -0.1197   -0.3041    0.4654
    0.1966    0.9516    0.2362    0.6004
    0.2611   -0.2830    0.9229    0.5414
         0         0         0    1.0000


t_c =

    0.9753   -0.2207         0    0.7211
    0.2207    0.9753         0    0.2648
         0         0    1.0000    0.5900
         0         0         0    1.0000


t_w =

    0.9450   -0.1197   -0.3041    0.3546
    0.1966    0.9516    0.2362    0.5419
    0.2611   -0.2830    0.9229    0.5198
         0         0         0    1.0000


t_c =

    0.9753   -0.2207         0    0.8151
    0.2207    0.9753         0   -0.1005
         0         0    1.0000    0.5900
         0         0         0    1.0000


t_w =

    0.9450   -0.1197   -0.3041    0.4102
    0.1966    0.9516    0.2362    0.1852
    0.2611   -0.2830    0.9229    0.6294
         0         0         0    1.0000


t_c =

    0.9753   -0.2207         0    0.8386
    0.2207    0.9753         0    0.1538
         0         0    1.0000    0.5900
         0         0         0    1.0000


t_w =

    0.9450   -0.1197   -0.3041    0.4558
    0.1966    0.9516    0.2362    0.4319
    0.2611   -0.2830    0.9229    0.5813
         0         0         0    1.0000


t_c =

    0.9753   -0.2207         0    0.5966
    0.2207    0.9753         0   -0.0235
         0         0    1.0000    0.5900
         0         0         0    1.0000


t_w =

    0.9450   -0.1197   -0.3041    0.2100
    0.1966    0.9516    0.2362    0.2641
    0.2611   -0.2830    0.9229    0.5433
         0         0         0    1.0000


t_c =

    0.9753   -0.2207         0    0.6924
    0.2207    0.9753         0    0.1339
         0         0    1.0000    0.5900
         0         0         0    1.0000


t_w =

    0.9450   -0.1197   -0.3041    0.3153
    0.1966    0.9516    0.2362    0.4152
    0.2611   -0.2830    0.9229    0.5393
         0         0         0    1.0000


t_c =

    0.9753   -0.2207         0    0.9347
    0.2207    0.9753         0    0.0979
         0         0    1.0000    0.5900
         0         0         0    1.0000


t_w =

    0.9450   -0.1197   -0.3041    0.5418
    0.1966    0.9516    0.2362    0.3759
    0.2611   -0.2830    0.9229    0.6240
         0         0         0    1.0000


t_c =

    0.9753   -0.2207         0    0.8954
    0.2207    0.9753         0    0.0990
         0         0    1.0000    0.5900
         0         0         0    1.0000


t_w =

    0.9450   -0.1197   -0.3041    0.5046
    0.1966    0.9516    0.2362    0.3776
    0.2611   -0.2830    0.9229    0.6113
         0         0         0    1.0000


t_c =

    0.9753   -0.2207         0    0.6479
    0.2207    0.9753         0   -0.1011
         0         0    1.0000    0.5900
         0         0         0    1.0000


t_w =

    0.9450   -0.1197   -0.3041    0.2516
    0.1966    0.9516    0.2362    0.1877
    0.2611   -0.2830    0.9229    0.5765
         0         0         0    1.0000


t_c =

    0.9753   -0.2207         0    0.6404
    0.2207    0.9753         0   -0.0569
         0         0    1.0000    0.5900
         0         0         0    1.0000


t_w =

    0.9450   -0.1197   -0.3041    0.2485
    0.1966    0.9516    0.2362    0.2308
    0.2611   -0.2830    0.9229    0.5645
         0         0         0    1.0000


t_c =

    0.9753   -0.2207         0    0.6530
    0.2207    0.9753         0   -0.1985
         0         0    1.0000    0.5900
         0         0         0    1.0000


t_w =

    0.9450   -0.1197   -0.3041    0.2475
    0.1966    0.9516    0.2362    0.0930
    0.2611   -0.2830    0.9229    0.5994
         0         0         0    1.0000


t_c =

    0.9753   -0.2207         0    0.4923
    0.2207    0.9753         0    0.3207
         0         0    1.0000    0.5900
         0         0         0    1.0000


t_w =

    0.9450   -0.1197   -0.3041    0.1427
    0.1966    0.9516    0.2362    0.6004
    0.2611   -0.2830    0.9229    0.4350
         0         0         0    1.0000


t_c =

    0.9753   -0.2207         0    0.7305
    0.2207    0.9753         0    0.2085
         0         0    1.0000    0.5900
         0         0         0    1.0000


t_w =

    0.9450   -0.1197   -0.3041    0.3583
    0.1966    0.9516    0.2362    0.4870
    0.2611   -0.2830    0.9229    0.5351
         0         0         0    1.0000


t_c =

    0.9753   -0.2207         0    0.8070
    0.2207    0.9753         0    0.3974
         0         0    1.0000    0.5900
         0         0         0    1.0000


t_w =

    0.9450   -0.1197   -0.3041    0.4482
    0.1966    0.9516    0.2362    0.6691
    0.2611   -0.2830    0.9229    0.5181
         0         0         0    1.0000


t_c =

    0.9753   -0.2207         0    0.9416
    0.2207    0.9753         0   -0.0453
         0         0    1.0000    0.5900
         0         0         0    1.0000


t_w =

    0.9450   -0.1197   -0.3041    0.5352
    0.1966    0.9516    0.2362    0.2366
    0.2611   -0.2830    0.9229    0.6575
         0         0         0    1.0000


t_c =

    0.9753   -0.2207         0    0.7479
    0.2207    0.9753         0    0.3769
         0         0    1.0000    0.5900
         0         0         0    1.0000


t_w =

    0.9450   -0.1197   -0.3041    0.3902
    0.1966    0.9516    0.2362    0.6503
    0.2611   -0.2830    0.9229    0.5038
         0         0         0    1.0000


t_c =

    0.9753   -0.2207         0    0.5586
    0.2207    0.9753         0    0.2563
         0         0    1.0000    0.5900
         0         0         0    1.0000


t_w =

    0.9450   -0.1197   -0.3041    0.1997
    0.1966    0.9516    0.2362    0.5366
    0.2611   -0.2830    0.9229    0.4701
         0         0         0    1.0000


t_c =

    0.9753   -0.2207         0    0.8424
    0.2207    0.9753         0    0.1869
         0         0    1.0000    0.5900
         0         0         0    1.0000


t_w =

    0.9450   -0.1197   -0.3041    0.4624
    0.1966    0.9516    0.2362    0.4640
    0.2611   -0.2830    0.9229    0.5753
         0         0         0    1.0000


t_c =

    0.9753   -0.2207         0    0.6142
    0.2207    0.9753         0    0.0508
         0         0    1.0000    0.5900
         0         0         0    1.0000


t_w =

    0.9450   -0.1197   -0.3041    0.2335
    0.1966    0.9516    0.2362    0.3359
    0.2611   -0.2830    0.9229    0.5326
         0         0         0    1.0000


t_c =

    0.9753   -0.2207         0    0.6421
    0.2207    0.9753         0   -0.0551
         0         0    1.0000    0.5900
         0         0         0    1.0000


t_w =

    0.9450   -0.1197   -0.3041    0.2503
    0.1966    0.9516    0.2362    0.2325
    0.2611   -0.2830    0.9229    0.5646
         0         0         0    1.0000


t_c =

    0.9753   -0.2207         0    0.5593
    0.2207    0.9753         0    0.2302
         0         0    1.0000    0.5900
         0         0         0    1.0000


t_w =

    0.9450   -0.1197   -0.3041    0.1980
    0.1966    0.9516    0.2362    0.5112
    0.2611   -0.2830    0.9229    0.4760
         0         0         0    1.0000


t_c =

    0.9753   -0.2207         0    0.6497
    0.2207    0.9753         0   -0.0712
         0         0    1.0000    0.5900
         0         0         0    1.0000


t_w =

    0.9450   -0.1197   -0.3041    0.2560
    0.1966    0.9516    0.2362    0.2167
    0.2611   -0.2830    0.9229    0.5706
         0         0         0    1.0000


t_c =

    0.9753   -0.2207         0    0.6843
    0.2207    0.9753         0   -0.1646
         0         0    1.0000    0.5900
         0         0         0    1.0000


t_w =

    0.9450   -0.1197   -0.3041    0.2802
    0.1966    0.9516    0.2362    0.1254
    0.2611   -0.2830    0.9229    0.6019
         0         0         0    1.0000


t_c =

    0.9753   -0.2207         0    0.6049
    0.2207    0.9753         0    0.2500
         0         0    1.0000    0.5900
         0         0         0    1.0000


t_w =

    0.9450   -0.1197   -0.3041    0.2430
    0.1966    0.9516    0.2362    0.5296
    0.2611   -0.2830    0.9229    0.4862
         0         0         0    1.0000


t_c =

    0.9753   -0.2207         0    0.6767
    0.2207    0.9753         0    0.2071
         0         0    1.0000    0.5900
         0         0         0    1.0000


t_w =

    0.9450   -0.1197   -0.3041    0.3072
    0.1966    0.9516    0.2362    0.4866
    0.2611   -0.2830    0.9229    0.5183
         0         0         0    1.0000


t_c =

    0.9753   -0.2207         0    0.6704
    0.2207    0.9753         0    0.2327
         0         0    1.0000    0.5900
         0         0         0    1.0000


t_w =

    0.9450   -0.1197   -0.3041    0.3035
    0.1966    0.9516    0.2362    0.5117
    0.2611   -0.2830    0.9229    0.5107
         0         0         0    1.0000


t_c =

    0.9753   -0.2207         0    0.6318
    0.2207    0.9753         0    0.1790
         0         0    1.0000    0.5900
         0         0         0    1.0000


t_w =

    0.9450   -0.1197   -0.3041    0.2621
    0.1966    0.9516    0.2362    0.4602
    0.2611   -0.2830    0.9229    0.5102
         0         0         0    1.0000


t_c =

    0.9753   -0.2207         0    0.6777
    0.2207    0.9753         0    0.0522
         0         0    1.0000    0.5900
         0         0         0    1.0000


t_w =

    0.9450   -0.1197   -0.3041    0.2939
    0.1966    0.9516    0.2362    0.3361
    0.2611   -0.2830    0.9229    0.5525
         0         0         0    1.0000


t_c =

    0.9753   -0.2207         0    0.9944
    0.2207    0.9753         0    0.1064
         0         0    1.0000    0.5900
         0         0         0    1.0000


t_w =

    0.9450   -0.1197   -0.3041    0.5992
    0.1966    0.9516    0.2362    0.3830
    0.2611   -0.2830    0.9229    0.6411
         0         0         0    1.0000


t_c =

    0.9753   -0.2207         0    0.8456
    0.2207    0.9753         0    0.3345
         0         0    1.0000    0.5900
         0         0         0    1.0000


t_w =

    0.9450   -0.1197   -0.3041    0.4790
    0.1966    0.9516    0.2362    0.6073
    0.2611   -0.2830    0.9229    0.5441
         0         0         0    1.0000


t_c =

    0.9753   -0.2207         0    0.8397
    0.2207    0.9753         0    0.0263
         0         0    1.0000    0.5900
         0         0         0    1.0000


t_w =

    0.9450   -0.1197   -0.3041    0.4452
    0.1966    0.9516    0.2362    0.3081
    0.2611   -0.2830    0.9229    0.6095
         0         0         0    1.0000


t_c =

    0.9753   -0.2207         0    0.5928
    0.2207    0.9753         0    0.2763
         0         0    1.0000    0.5900
         0         0         0    1.0000


t_w =

    0.9450   -0.1197   -0.3041    0.2340
    0.1966    0.9516    0.2362    0.5554
    0.2611   -0.2830    0.9229    0.4766
         0         0         0    1.0000


t_c =

    0.9753   -0.2207         0    0.6097
    0.2207    0.9753         0    0.2644
         0         0    1.0000    0.5900
         0         0         0    1.0000


t_w =

    0.9450   -0.1197   -0.3041    0.2489
    0.1966    0.9516    0.2362    0.5436
    0.2611   -0.2830    0.9229    0.4846
         0         0         0    1.0000


t_c =

    0.9753   -0.2207         0    0.5356
    0.2207    0.9753         0    0.2866
         0         0    1.0000    0.5900
         0         0         0    1.0000


t_w =

    0.9450   -0.1197   -0.3041    0.1807
    0.1966    0.9516    0.2362    0.5664
    0.2611   -0.2830    0.9229    0.4562
         0         0         0    1.0000


t_c =

    0.9753   -0.2207         0    0.9894
    0.2207    0.9753         0    0.1760
         0         0    1.0000    0.5900
         0         0         0    1.0000


t_w =

    0.9450   -0.1197   -0.3041    0.6008
    0.1966    0.9516    0.2362    0.4507
    0.2611   -0.2830    0.9229    0.6243
         0         0         0    1.0000


t_c =

    0.9753   -0.2207         0    0.8712
    0.2207    0.9753         0    0.2292
         0         0    1.0000    0.5900
         0         0         0    1.0000


t_w =

    0.9450   -0.1197   -0.3041    0.4937
    0.1966    0.9516    0.2362    0.5046
    0.2611   -0.2830    0.9229    0.5752
         0         0         0    1.0000


t_c =

    0.9753   -0.2207         0    0.7569
    0.2207    0.9753         0    0.3973
         0         0    1.0000    0.5900
         0         0         0    1.0000


t_w =

    0.9450   -0.1197   -0.3041    0.4007
    0.1966    0.9516    0.2362    0.6699
    0.2611   -0.2830    0.9229    0.5022
         0         0         0    1.0000


t_c =

    0.9753   -0.2207         0    0.7048
    0.2207    0.9753         0    0.0737
         0         0    1.0000    0.5900
         0         0         0    1.0000


t_w =

    0.9450   -0.1197   -0.3041    0.3216
    0.1966    0.9516    0.2362    0.3565
    0.2611   -0.2830    0.9229    0.5564
         0         0         0    1.0000


t_c =

    0.9753   -0.2207         0    0.6838
    0.2207    0.9753         0   -0.1673
         0         0    1.0000    0.5900
         0         0         0    1.0000


t_w =

    0.9450   -0.1197   -0.3041    0.2796
    0.1966    0.9516    0.2362    0.1228
    0.2611   -0.2830    0.9229    0.6023
         0         0         0    1.0000


t_c =

    0.9753   -0.2207         0    0.7996
    0.2207    0.9753         0    0.3552
         0         0    1.0000    0.5900
         0         0         0    1.0000


t_w =

    0.9450   -0.1197   -0.3041    0.4373
    0.1966    0.9516    0.2362    0.6283
    0.2611   -0.2830    0.9229    0.5250
         0         0         0    1.0000


t_c =

    0.9753   -0.2207         0    1.0090
    0.2207    0.9753         0    0.2576
         0         0    1.0000    0.5900
         0         0         0    1.0000


t_w =

    0.9450   -0.1197   -0.3041    0.6269
    0.1966    0.9516    0.2362    0.5297
    0.2611   -0.2830    0.9229    0.6127
         0         0         0    1.0000


t_c =

    0.9753   -0.2207         0    0.6468
    0.2207    0.9753         0    0.0059
         0         0    1.0000    0.5900
         0         0         0    1.0000


t_w =

    0.9450   -0.1197   -0.3041    0.2604
    0.1966    0.9516    0.2362    0.2917
    0.2611   -0.2830    0.9229    0.5528
         0         0         0    1.0000


t_c =

    0.9753   -0.2207         0    0.6045
    0.2207    0.9753         0    0.3912
         0         0    1.0000    0.5900
         0         0         0    1.0000


t_w =

    0.9450   -0.1197   -0.3041    0.2556
    0.1966    0.9516    0.2362    0.6668
    0.2611   -0.2830    0.9229    0.4552
         0         0         0    1.0000


t_c =

    0.9753   -0.2207         0    0.7745
    0.2207    0.9753         0   -0.0458
         0         0    1.0000    0.5900
         0         0         0    1.0000


t_w =

    0.9450   -0.1197   -0.3041    0.3767
    0.1966    0.9516    0.2362    0.2392
    0.2611   -0.2830    0.9229    0.6046
         0         0         0    1.0000


t_c =

    0.9753   -0.2207         0    0.5604
    0.2207    0.9753         0    0.1693
         0         0    1.0000    0.5900
         0         0         0    1.0000


t_w =

    0.9450   -0.1197   -0.3041    0.1935
    0.1966    0.9516    0.2362    0.4520
    0.2611   -0.2830    0.9229    0.4897
         0         0         0    1.0000


t_c =

    0.9753   -0.2207         0    0.8643
    0.2207    0.9753         0    0.2088
         0         0    1.0000    0.5900
         0         0         0    1.0000


t_w =

    0.9450   -0.1197   -0.3041    0.4852
    0.1966    0.9516    0.2362    0.4849
    0.2611   -0.2830    0.9229    0.5775
         0         0         0    1.0000


t_c =

    0.9753   -0.2207         0    0.7557
    0.2207    0.9753         0    0.0503
         0         0    1.0000    0.5900
         0         0         0    1.0000


t_w =

    0.9450   -0.1197   -0.3041    0.3677
    0.1966    0.9516    0.2362    0.3329
    0.2611   -0.2830    0.9229    0.5776
         0         0         0    1.0000


t_c =

    0.9753   -0.2207         0    1.0712
    0.2207    0.9753         0   -0.0291
         0         0    1.0000    0.5900
         0         0         0    1.0000


t_w =

    0.9450   -0.1197   -0.3041    0.6595
    0.1966    0.9516    0.2362    0.2500
    0.2611   -0.2830    0.9229    0.6950
         0         0         0    1.0000


t_c =

    0.9753   -0.2207         0    0.8035
    0.2207    0.9753         0   -0.1616
         0         0    1.0000    0.5900
         0         0         0    1.0000


t_w =

    0.9450   -0.1197   -0.3041    0.3936
    0.1966    0.9516    0.2362    0.1261
    0.2611   -0.2830    0.9229    0.6391
         0         0         0    1.0000


t_c =

    0.9753   -0.2207         0    0.8577
    0.2207    0.9753         0    0.0942
         0         0    1.0000    0.5900
         0         0         0    1.0000


t_w =

    0.9450   -0.1197   -0.3041    0.4684
    0.1966    0.9516    0.2362    0.3736
    0.2611   -0.2830    0.9229    0.6004
         0         0         0    1.0000


t_c =

    0.9753   -0.2207         0    0.6616
    0.2207    0.9753         0   -0.0959
         0         0    1.0000    0.5900
         0         0         0    1.0000


t_w =

    0.9450   -0.1197   -0.3041    0.2651
    0.1966    0.9516    0.2362    0.1925
    0.2611   -0.2830    0.9229    0.5797
         0         0         0    1.0000


t_c =

    0.9753   -0.2207         0    0.7006
    0.2207    0.9753         0    0.2461
         0         0    1.0000    0.5900
         0         0         0    1.0000


t_w =

    0.9450   -0.1197   -0.3041    0.3334
    0.1966    0.9516    0.2362    0.5241
    0.2611   -0.2830    0.9229    0.5174
         0         0         0    1.0000


t_c =

    0.9753   -0.2207         0    0.6403
    0.2207    0.9753         0    0.0138
         0         0    1.0000    0.5900
         0         0         0    1.0000


t_w =

    0.9450   -0.1197   -0.3041    0.2549
    0.1966    0.9516    0.2362    0.2995
    0.2611   -0.2830    0.9229    0.5490
         0         0         0    1.0000


t_c =

    0.9753   -0.2207         0    0.8690
    0.2207    0.9753         0    0.3554
         0         0    1.0000    0.5900
         0         0         0    1.0000


t_w =

    0.9450   -0.1197   -0.3041    0.5032
    0.1966    0.9516    0.2362    0.6272
    0.2611   -0.2830    0.9229    0.5470
         0         0         0    1.0000


t_c =

    0.9753   -0.2207         0    0.9383
    0.2207    0.9753         0    0.3050
         0         0    1.0000    0.5900
         0         0         0    1.0000


t_w =

    0.9450   -0.1197   -0.3041    0.5643
    0.1966    0.9516    0.2362    0.5770
    0.2611   -0.2830    0.9229    0.5799
         0         0         0    1.0000


t_c =

